 51 1872.749298 2.532E-31 1.219E+01.03350.036 6289.18470.67-.002889              1              0                    P 57      47562310 8 5 5 1 8   113.0  115.0
 51 1878.321932 7.078E-31 1.229E+01.03380.036 6074.53040.67-.002883              1              0                    P 56      47562310 8 5 5 1 8   111.0  113.0
 51 1883.867653 1.943E-30 1.239E+01.03420.036 5863.48830.67-.002877              1              0                    P 55      47562310 8 5 5 1 8   109.0  111.0
 51 1889.386322 5.241E-30 1.249E+01.03450.037 5656.06660.67-.002872              1              0                    P 54      47562310 8 5 5 1 8   107.0  109.0
 51 1894.877801 1.388E-29 1.260E+01.03480.037 5452.27330.67-.002866              1              0                    P 53      47562310 8 5 5 1 8   105.0  107.0
 51 1900.341948 3.611E-29 1.270E+01.03520.037 5252.11620.67-.002861              1              0                    P 52      47562310 8 5 5 1 8   103.0  105.0
 51 1902.414094 2.342E-31 2.542E+01.03700.039 6409.92360.67-.002837              2              1                    P 47      47562310 8 5 5 1 8    93.0   95.0
 51 1905.778626 9.225E-29 1.280E+01.03550.038 5055.60290.67-.002856              1              0                    P 51      47562310 8 5 5 1 8   101.0  103.0
 51 1907.676322 5.419E-31 2.562E+01.03740.040 6233.38530.67-.002833              2              1                    P 46      47562310 8 5 5 1 8    91.0   93.0
 51 1911.187693 2.314E-28 1.290E+01.03590.038 4862.74110.67-.002851              1              0                    P 50      47562310 8 5 5 1 8    99.0  101.0
 51 1912.910229 1.231E-30 2.583E+01.03780.040 6060.49900.67-.002829              2              1                    P 45      47562310 8 5 5 1 8    89.0   91.0
 51 1916.569009 5.702E-28 1.301E+01.03620.038 4673.53810.67-.002846              1              0                    P 49      47562310 8 5 5 1 8    97.0   99.0
 51 1918.115672 2.746E-30 2.603E+01.03820.040 5891.27140.67-.002826              2              1                    P 44      47562310 8 5 5 1 8    87.0   89.0
 51 1921.922433 1.379E-27 1.311E+01.03660.039 4488.00120.67-.002841              1              0                    P 48      47562310 8 5 5 1 8    95.0   97.0
 51 1923.292511 6.013E-30 2.623E+01.03860.041 5725.70900.67-.002822              2              1                    P 43      47562310 8 5 5 1 8    85.0   87.0
 51 1927.247824 3.276E-27 1.322E+01.03700.039 4306.13750.67-.002837              1              0                    P 47      47562310 8 5 5 1 8    93.0   95.0
 51 1928.440602 1.293E-29 2.644E+01.03900.041 5563.81840.67-.002819              2              1                    P 42      47562310 8 5 5 1 8    83.0   85.0
 51 1932.545040 7.640E-27 1.332E+01.03740.040 4127.95390.67-.002833              1              0                    P 46      47562310 8 5 5 1 8    91.0   93.0
 51 1933.559804 2.729E-29 2.664E+01.03950.042 5405.60560.67-.002817              2              1                    P 41      47562310 8 5 5 1 8    81.0   83.0
 51 1937.813941 1.749E-26 1.343E+01.03780.040 3953.45740.67-.002829              1              0                    P 45      47562310 8 5 5 1 8    89.0   91.0
 51 1938.649974 5.655E-29 2.685E+01.03990.042 5251.07690.67-.002815              2              1                    P 40      47562310 8 5 5 1 8    79.0   81.0
 51 1943.054383 3.932E-26 1.353E+01.03820.040 3782.65470.67-.002826              1              0                    P 44      47562310 8 5 5 1 8    87.0   89.0
 51 1943.350357 1.683E-31 4.051E+01.04270.045 6497.55860.67-.002809              3              2                    P 34      47566310 8 5 5 1 8    67.0   69.0
 51 1943.710969 1.150E-28 2.705E+01.04030.043 5100.23820.67-.002813              2              1                    P 39      47562310 8 5 5 1 8    77.0   79.0
 51 1948.198244 3.040E-31 4.081E+01.04320.046 6370.16770.67-.002809              3              2                    P 33      47566310 8 5 5 1 8    65.0   67.0
 51 1948.266225 8.676E-26 1.364E+01.03860.041 3615.55210.67-.002822              1              0                    P 43      47562310 8 5 5 1 8    85.0   87.0
 51 1948.742646 2.296E-28 2.726E+01.04080.043 4953.09540.67-.002811              2              1                    P 38      47562310 8 5 5 1 8    75.0   77.0
 51 1953.015948 5.390E-31 4.112E+01.04380.046 6246.46950.67-.002810              3              2                    P 32      47566310 8 5 5 1 8    63.0   65.0
 51 1953.449325 1.879E-25 1.374E+01.03900.041 3452.15630.67-.002819              1              0                    P 42      47562310 8 5 5 1 8    83.0   85.0
 51 1953.744862 4.499E-28 2.747E+01.04130.044 4809.65410.67-.002810              2              1                    P 37      47562310 8 5 5 1 8    73.0   75.0
 51 1957.803326 9.376E-31 4.143E+01.04430.047 6126.46900.67-.002811              3              2                    P 31      47566310 8 5 5 1 8    61.0   63.0
 51 1958.603539 3.995E-25 1.385E+01.03950.042 3292.47340.67-.002817              1              0                    P 41      47562310 8 5 5 1 8    81.0   83.0
 51 1958.717473 8.652E-28 2.768E+01.04170.044 4669.92000.67-.002809              2              1                    P 36      47562310 8 5 5 1 8    71.0   73.0
 51 1962.560233 1.600E-30 4.174E+01.04480.047 6010.17090.67-.002813              3              2                    P 30      47566310 8 5 5 1 8    59.0   61.0
 51 1963.660335 1.633E-27 2.789E+01.04220.045 4533.89830.67-.002809              2              1                    P 35      47562310 8 5 5 1 8    69.0   71.0
 51 1963.728726 8.336E-25 1.395E+01.03990.042 3136.50950.67-.002815              1              0                    P 40      47562310 8 5 5 1 8    79.0   81.0
 51 1967.286525 2.679E-30 4.205E+01.04540.048 5897.57960.67-.002815              3              2                    P 29      47566310 8 5 5 1 8    57.0   59.0
 51 1968.573304 3.024E-27 2.810E+01.04270.045 4401.59440.67-.002809              2              1                    P 34      47562310 8 5 5 1 8    67.0   69.0
 51 1968.824741 1.707E-24 1.406E+01.04030.043 2984.27070.67-.002813              1              0                    P 39      47562310 8 5 5 1 8    77.0   79.0
 51 1971.982056 4.401E-30 4.236E+01.04600.049 5788.69960.67-.002817              3              2                    P 28      47566310 8 5 5 1 8    55.0   57.0
 51 1973.456238 5.495E-27 2.831E+01.04320.046 4273.01330.67-.002809              2              1                    P 33      47562310 8 5 5 1 8    65.0   67.0
 51 1973.891441 3.431E-24 1.417E+01.04080.043 2835.76270.67-.002811              1              0                    P 38      47562310 8 5 5 1 8    75.0   77.0
 51 1976.646683 7.090E-30 4.268E+01.04650.049 5683.53510.67-.002819              3              2                    P 27      47566310 8 5 5 1 8    53.0   55.0
 51 1978.308990 9.796E-27 2.852E+01.04380.046 4148.16010.67-.002810              2              1                    P 32      47562310 8 5 5 1 8    63.0   65.0
 51 1978.928683 6.766E-24 1.428E+01.04130.044 2690.99130.67-.002810              1              0                    P 37      47562310 8 5 5 1 8    73.0   75.0
 51 1981.280260 1.120E-29 4.300E+01.04710.050 5582.09010.67-.002822              3              2                    P 26      47566310 8 5 5 1 8    51.0   53.0
 51 1983.131417 1.713E-26 2.873E+01.04430.047 4027.03950.67-.002811              2              1                    P 31      47562310 8 5 5 1 8    61.0   63.0
 51 1983.936323 1.309E-23 1.438E+01.04170.044 2549.96200.67-.002809              1              0                    P 36      47562310 8 5 5 1 8    71.0   73.0
 51 1985.882641 1.735E-29 4.332E+01.04770.051 5484.36870.67-.002824              3              2                    P 25      47566310 8 5 5 1 8    49.0   51.0
 51 1987.923374 2.940E-26 2.895E+01.04480.047 3909.65620.67-.002813              2              1                    P 30      47562310 8 5 5 1 8    59.0   61.0
 51 1988.914217 2.486E-23 1.449E+01.04220.045 2412.68010.67-.002809              1              0                    P 35      47562310 8 5 5 1 8    69.0   71.0
 51 1990.453682 2.636E-29 4.365E+01.04830.051 5390.37470.67-.002827              3              2                    P 24      47566310 8 5 5 1 8    47.0   49.0
 51 1992.684716 4.948E-26 2.916E+01.04540.048 3796.01490.67-.002815              2              1                    P 29      47562310 8 5 5 1 8    57.0   59.0
 51 1993.862221 4.632E-23 1.460E+01.04270.045 2279.15110.67-.002809              1              0                    P 34      47562310 8 5 5 1 8    67.0   69.0
 51 1994.993237 3.926E-29 4.398E+01.04900.052 5300.11170.67-.002829              3              2                    P 23      47566310 8 5 5 1 8    45.0   47.0
 51 1997.415298 8.167E-26 2.938E+01.04600.049 3686.11980.67-.002817              2              1                    P 28      47562310 8 5 5 1 8    55.0   57.0
 51 1998.780190 8.466E-23 1.471E+01.04320.046 2149.37990.67-.002809              1              0                    P 33      47562310 8 5 5 1 8    65.0   67.0
 51 1999.501160 5.730E-29 4.431E+01.04960.053 5213.58320.67-.002831              3              2                    P 22      47566310 8 5 5 1 8    43.0   45.0
 51 2002.114976 1.322E-25 2.960E+01.04650.049 3579.97510.67-.002819              2              1                    P 27      47562310 8 5 5 1 8    53.0   55.0
 51 2003.667980 1.518E-22 1.482E+01.04380.046 2023.37150.67-.002810              1              0                    P 32      47562310 8 5 5 1 8    63.0   65.0
 51 2003.977306 8.196E-29 4.465E+01.05030.053 5130.79260.67-.002832              3              2                    P 21      47566310 8 5 5 1 8    41.0   43.0
 51 2006.783603 2.098E-25 2.982E+01.04710.050 3477.58510.67-.002822              2              1                    P 26      47562310 8 5 5 1 8    51.0   53.0
 51 2008.421529 1.149E-28 4.499E+01.05100.054 5051.74320.67-.002832              3              2                    P 20      47566310 8 5 5 1 8    39.0   41.0
 51 2008.525447 2.669E-22 1.493E+01.04430.047 1901.13080.67-.002811              1              0                    P 31      47562310 8 5 5 1 8    61.0   63.0
 51 2011.421036 3.266E-25 3.005E+01.04770.051 3378.95370.67-.002824              2              1                    P 25      47562310 8 5 5 1 8    49.0   51.0
 51 2012.833683 1.577E-28 4.534E+01.05170.055 4976.43800.67-.002831              3              2                    P 19      47566310 8 5 5 1 8    37.0   39.0
 51 2013.352445 4.604E-22 1.505E+01.04480.047 1782.66240.67-.002813              1              0                    P 30      47562310 8 5 5 1 8    59.0   61.0
 51 2016.027127 4.982E-25 3.027E+01.04830.051 3284.08460.67-.002827              2              1                    P 24      47562310 8 5 5 1 8    47.0   49.0
 51 2017.213622 2.119E-28 4.570E+01.05240.056 4904.87990.68-.002828              3              2                    P 18      47566310 8 5 5 1 8    35.0   37.0
 51 2018.148829 7.789E-22 1.516E+01.04540.048 1667.97090.67-.002815              1              0                    P 29      47562310 8 5 5 1 8    57.0   59.0
 51 2020.601731 7.449E-25 3.050E+01.04900.052 3192.98150.67-.002829              2              1                    P 23      47562310 8 5 5 1 8    45.0   47.0
 51 2021.561200 2.788E-28 4.606E+01.05310.057 4837.07170.69-.002822              3              2                    P 17      47566310 8 5 5 1 8    33.0   35.0
 51 2022.914454 1.292E-21 1.527E+01.04600.049 1557.06070.67-.002817              1              0                    P 28      47562310 8 5 5 1 8    55.0   57.0
 51 2025.144704 1.092E-24 3.073E+01.04960.053 3105.64790.67-.002831              2              1                    P 22      47562310 8 5 5 1 8    43.0   45.0
 51 2025.876271 3.590E-28 4.644E+01.05380.058 4773.01610.70-.002814              3              2                    P 16      47566310 8 5 5 1 8    31.0   33.0
 51 2027.649176 2.102E-21 1.539E+01.04650.049 1449.93600.67-.002819              1              0                    P 27      47562310 8 5 5 1 8    53.0   55.0
 51 2029.655898 1.567E-24 3.097E+01.05030.053 3022.08730.67-.002832              2              1                    P 21      47562310 8 5 5 1 8    41.0   43.0
 51 2030.158689 4.521E-28 4.683E+01.05450.059 4712.71560.71-.002803              3              2                    P 15      47566310 8 5 5 1 8    29.0   31.0
 51 2032.352847 3.351E-21 1.550E+01.04710.050 1346.60080.67-.002822              1              0                    P 26      47562310 8 5 5 1 8    51.0   53.0
 51 2034.135168 2.204E-24 3.121E+01.05100.054 2942.30280.67-.002832              2              1                    P 20      47566310 8 5 5 1 8    39.0   41.0
 51 2034.408306 5.566E-28 4.724E+01.05530.059 4656.17240.72-.002787              3              2                    P 14      47566310 8 5 5 1 8    27.0   29.0
 51 2037.025324 5.239E-21 1.562E+01.04770.051 1247.05920.67-.002824              1              0                    P 25      47562310 8 5 5 1 8    49.0   51.0
 51 2038.582368 3.036E-24 3.145E+01.05170.055 2866.29750.67-.002831              2              1                    P 19      47566310 8 5 5 1 8    37.0   39.0
 51 2038.624978 6.693E-28 4.766E+01.05610.060 4603.38890.73-.002765              3              2                    P 13      47566310 8 5 5 1 8    25.0   27.0
 51 2041.666460 8.026E-21 1.573E+01.04830.051 1151.31500.67-.002827              1              0                    P 24      47562310 8 5 5 1 8    47.0   49.0
 51 2042.808556 7.856E-28 4.811E+01.05690.062 4554.36700.74-.002736              3              2                    P 12      47566310 8 5 5 1 8    23.0   25.0
 51 2042.997352 4.094E-24 3.170E+01.05240.056 2794.07440.68-.002828              2              1                    P 18      47566310 8 5 5 1 8    35.0   37.0
 51 2046.276109 1.205E-20 1.585E+01.04900.052 1059.37180.67-.002980              1              0                    P 23      47562310 8 5 5 1 1    45.0   47.0
 51 2046.958896 8.991E-28 4.859E+01.05770.063 4509.10880.75-.002699              3              2                    P 11      47566310 8 5 5 1 8    21.0   23.0
 51 2047.379973 5.404E-24 3.195E+01.05310.057 2725.63610.69-.002822              2              1                    P 17      47566310 8 5 5 1 8    33.0   35.0
 51 2050.854126 1.773E-20 1.597E+01.04960.053  971.23320.67-.003350              1              0                    P 22      47562310 8 5 5 1 1    43.0   45.0
 51 2051.075849 1.002E-27 4.912E+01.05860.064 4467.61580.75-.002651              3              2                    P 10      47566310 8 5 5 1 8    19.0   21.0
 51 2051.730086 6.978E-24 3.221E+01.05380.058 2660.98550.70-.002814              2              1                    P 16      47566310 8 5 5 1 8    31.0   33.0
 51 2055.159270 1.085E-27 4.970E+01.05950.065 4429.88980.75-.002591              3              2                    P  9      47566310 8 5 5 1 8    17.0   19.0
 51 2055.400364 2.555E-20 1.610E+01.05030.053  886.90240.67-.003630              1              0                    P 21      47562310 8 5 5 1 1    41.0   43.0
 51 2056.047543 8.812E-24 3.248E+01.05450.059 2600.12490.71-.002803              2              1                    P 15      47566310 8 5 5 1 8    29.0   31.0
 51 2059.209012 1.140E-27 5.036E+01.06060.066 4395.93220.75-.002514              3              2                    P  8      47566310 8 5 5 1 8    15.0   17.0
 51 2059.914677 3.607E-20 1.622E+01.05100.054  806.38280.67-.003050              1              0                    P 20      47566310 8 5 5 1 1    39.0   41.0
 51 2060.332198 1.088E-23 3.277E+01.05530.059 2543.05670.72-.002787              2              1                    P 14      47566310 8 5 5 1 8    27.0   29.0
 51 2063.224928 1.158E-27 5.115E+01.06180.068 4365.74430.75-.002418              3              2                    P  7      47566310 8 5 5 1 8    13.0   15.0
 51 2064.396920 4.985E-20 1.635E+01.05170.055  729.67740.67-.003410              1              0                    P 19      47566310 8 5 5 1 1    37.0   39.0
 51 2064.583906 1.311E-23 3.306E+01.05610.060 2489.78310.73-.002765              2              1                    P 13      47566310 8 5 5 1 8    25.0   27.0
 51 2067.206871 1.130E-27 5.211E+01.06320.069 4339.32740.74-.002298              3              2                    P  6      47566310 8 5 5 1 8    11.0   13.0
 51 2068.802518 1.542E-23 3.337E+01.05690.062 2440.30620.74-.002736              2              1                    P 12      47566310 8 5 5 1 8    23.0   25.0
 51 2068.846945 6.744E-20 1.648E+01.05240.056  656.78920.68-.003500              1              0                    P 18      47566310 8 5 5 1 1    35.0   37.0
 51 2071.154695 1.054E-27 5.338E+01.06510.071 4316.68240.74-.002148              3              2                    P  5      47566310 8 5 5 1 8     9.0   11.0
 51 2072.987889 1.769E-23 3.371E+01.05770.063 2394.62790.75-.002699              2              1                    P 11      47566310 8 5 5 1 8    21.0   23.0
 51 2073.264607 8.929E-20 1.661E+01.05310.057  587.72090.69-.003350              1              0                    P 17      47566310 8 5 5 1 1    33.0   35.0
 51 2075.068253 9.256E-28 5.522E+01.06770.074 4297.81020.74-.001961              3              2                    P  4      47566310 8 5 5 1 8     7.0    9.0
 51 2077.139872 1.975E-23 3.408E+01.05860.064 2352.74990.75-.002651              2              1                    P 10      47566310 8 5 5 1 8    19.0   21.0
 51 2077.649758 1.156E-19 1.674E+01.05380.058  522.47510.70-.003290              1              0                    P 16      47566310 8 5 5 1 1    31.0   33.0
 51 2078.947398 7.485E-28 5.831E+01.07120.077 4282.71160.74-.001726              3              2                    P  3      47566310 8 5 5 1 8     5.0    7.0
 51 2081.258320 2.143E-23 3.448E+01.05950.065 2314.67390.75-.002591              2              1                    P  9      47566310 8 5 5 1 8    17.0   19.0
 51 2082.002254 1.464E-19 1.689E+01.05450.059  461.05450.71-.003260              1              0                    P 15      47566310 8 5 5 1 1    29.0   31.0
 51 2082.791982 5.282E-28 6.515E+01.07570.081 4271.38710.75-.001431              3              2                    P  2      47566310 8 5 5 1 8     3.0    5.0
 51 2085.343087 2.255E-23 3.494E+01.06060.066 2280.40130.75-.002514              2              1                    P  8      47566310 8 5 5 1 8    15.0   17.0
 51 2086.321945 1.812E-19 1.703E+01.05530.059  403.46120.72-.003350              1              0                    P 14      47566310 8 5 5 1 1    27.0   29.0
 51 2086.601860 2.745E-28 9.827E+01.08030.087 4263.83720.76-.001060              3              2                    P  1      47566310 8 5 5 1 8     1.0    3.0
 51 2089.394025 2.292E-23 3.548E+01.06180.068 2249.93340.75-.002418              2              1                    P  7      47566310 8 5 5 1 8    13.0   15.0
 51 2090.608687 2.189E-19 1.719E+01.05610.060  349.69750.73-.003510              1              0                    P 13      47566310 8 5 5 1 1    25.0   27.0
 51 2093.410988 2.241E-23 3.615E+01.06320.069 2223.27140.74-.002298              2              1                    P  6      47566310 8 5 5 1 8    11.0   13.0
 51 2094.116908 2.806E-28 3.312E+01.08030.087 4260.06220.76-.002018              3              2                    R  0      47566310 8 5 5 1 8     3.0    1.0
 51 2094.862333 2.581E-19 1.735E+01.05690.062  299.76560.74-.003410              1              0                    P 12      47566310 8 5 5 1 1    23.0   25.0
 51 2097.393829 2.091E-23 3.704E+01.06510.071 2200.41640.74-.002148              2              1                    P  5      47566310 8 5 5 1 8     9.0   11.0
 51 2097.821784 5.521E-28 3.996E+01.07570.081 4263.83720.75-.001922              3              2                    R  1      47566310 8 5 5 1 8     5.0    3.0
 51 2099.082735 2.967E-19 1.752E+01.05770.063  253.66720.75-.003620              1              0                    P 11      47566310 8 5 5 1 1    21.0   23.0
 51 2101.342401 1.839E-23 3.831E+01.06770.074 2181.36920.74-.001961              2              1                    P  4      47566310 8 5 5 1 8     7.0    9.0
 51 2101.491366 7.998E-28 4.304E+01.07120.077 4271.38710.74-.001841              3              2                    R  2      47566310 8 5 5 1 8     7.0    5.0
 51 2103.269747 3.319E-19 1.771E+01.05860.064  211.40410.75-.003570              1              0                    P 10      47566310 8 5 5 1 1    19.0   21.0
 51 2105.125507 1.011E-27 4.488E+01.06770.074 4282.71160.74-.001780              3              2                    R  3      47566310 8 5 5 1 8     9.0    7.0
 51 2105.256557 1.488E-23 4.046E+01.07120.077 2166.13050.74-.001726              2              1                    P  3      47566310 8 5 5 1 8     5.0    7.0
 51 2107.423223 3.607E-19 1.793E+01.05950.065  172.97800.75-.003590              1              0                    P  9      47566310 8 5 5 1 1    17.0   19.0
 51 2108.724059 1.177E-27 4.614E+01.06510.071 4297.81020.74-.001736              3              2                    R  4      47566310 8 5 5 1 8    11.0    9.0
 51 2109.136151 1.051E-23 4.521E+01.07570.081 2154.70100.75-.001431              2              1                    P  2      47566310 8 5 5 1 8     3.0    5.0
 51 2111.543014 3.801E-19 1.817E+01.06060.066  138.39040.75-.003580              1              0                    P  8      47566310 8 5 5 1 1    15.0   17.0
 51 2112.286877 1.291E-27 4.709E+01.06320.069 4316.68240.74-.001710              3              2                    R  5      47566310 8 5 5 1 8    13.0   11.0
 51 2112.981035 5.463E-24 6.819E+01.08030.087 2147.08110.76-.001060              2              1                    P  1      47566310 8 5 5 1 8     1.0    3.0
 51 2115.628975 3.870E-19 1.845E+01.06180.068  107.64240.75-.003490              1              0                    P  7      47566310 8 5 5 1 1    13.0   15.0
 51 2115.813813 1.351E-27 4.786E+01.06180.068 4339.32740.75-.001700              3              2                    R  6      47566310 8 5 5 1 8    15.0   13.0
 51 2119.304720 1.361E-27 4.851E+01.06060.066 4365.74430.75-.001704              3              2                    R  7      47566310 8 5 5 1 8    17.0   15.0
 51 2119.680959 3.789E-19 1.880E+01.06320.069   80.73540.74-.003440              1              0                    P  6      47566310 8 5 5 1 1    11.0   13.0
 51 2120.566086 5.586E-24 2.298E+01.08030.087 2143.27110.76-.002018              2              1                    R  0      47566310 8 5 5 1 8     3.0    1.0
 51 2122.759452 1.324E-27 4.908E+01.05950.065 4395.93220.75-.001720              3              2                    R  8      47566310 8 5 5 1 8    19.0   17.0
 51 2123.698818 3.539E-19 1.926E+01.06510.071   57.67040.74-.003310              1              0                    P  5      47566310 8 5 5 1 1     9.0   11.0
 51 2124.305960 1.099E-23 2.773E+01.07570.081 2147.08110.75-.001922              2              1                    R  1      47566310 8 5 5 1 8     5.0    3.0
 51 2126.177862 1.250E-27 4.959E+01.05860.064 4429.88980.75-.001746              3              2                    R  9      47566310 8 5 5 1 8    21.0   19.0
 51 2127.682406 3.114E-19 1.992E+01.06770.074   38.44810.74-.003090              1              0                    P  4      47566310 8 5 5 1 1     7.0    9.0
 51 2128.010537 1.591E-23 2.987E+01.07120.077 2154.70100.74-.001841              2              1                    R  2      47566310 8 5 5 1 8     7.0    5.0
 51 2129.559803 1.147E-27 5.006E+01.05770.063 4467.61580.75-.001781              3              2                    R 10      47566310 8 5 5 1 8    23.0   21.0
 51 2131.631576 2.522E-19 2.104E+01.07120.077   23.06950.74-.002030              1              0                    P  3      47566310 8 5 5 1 1     5.0    7.0
 51 2131.679670 2.011E-23 3.114E+01.06770.074 2166.13050.74-.001780              2              1                    R  3      47566310 8 5 5 1 8     9.0    7.0
 51 2132.905128 1.024E-27 5.049E+01.05690.062 4509.10880.74-.001824              3              2                    R 11      47566310 8 5 5 1 8    25.0   23.0
 51 2135.313212 2.339E-23 3.202E+01.06510.071 2181.36920.74-.001736              2              1                    R  4      47566310 8 5 5 1 8    11.0    9.0
 51 2135.546180 1.782E-19 2.351E+01.07570.081   11.53500.75-.002660              1              0                    P  2      47566310 8 5 5 1 1     3.0    5.0
 51 2136.213692 8.921E-28 5.089E+01.05610.060 4554.36700.73-.001872              3              2                    R 12      47566310 8 5 5 1 8    27.0   25.0
 51 2138.911016 2.563E-23 3.269E+01.06320.069 2200.41640.74-.001710              2              1                    R  5      47566310 8 5 5 1 8    13.0   11.0
 51 2139.426073 9.268E-20 3.546E+01.08030.087    3.84500.76-.003010              1              0                    P  1      47566310 8 5 5 1 1     1.0    3.0
 51 2139.485346 7.583E-28 5.127E+01.05530.059 4603.38890.72-.001924              3              2                    R 13      47566310 8 5 5 1 8    29.0   27.0
 51 2142.472937 2.681E-23 3.322E+01.06180.068 2223.27140.75-.001700              2              1                    R  6      47566310 8 5 5 1 8    15.0   13.0
 51 2142.719945 6.298E-28 5.164E+01.05450.059 4656.17240.71-.001981              3              2                    R 14      47566310 8 5 5 1 8    31.0   29.0
 51 2145.917342 5.112E-28 5.199E+01.05380.058 4712.71560.70-.002040              3              2                    R 15      47566310 8 5 5 1 8    33.0   31.0
 51 2145.998825 2.697E-23 3.368E+01.06060.066 2249.93340.75-.001704              2              1                    R  7      47566310 8 5 5 1 8    17.0   15.0
 51 2147.081134 9.480E-20 1.195E+01.08030.087    0.00000.76-.002100              1              0                    R  0      47566310 8 5 5 1 1     3.0    1.0
 51 2149.077391 4.059E-28 5.233E+01.05310.057 4773.01610.69-.002101              3              2                    R 16      47566310 8 5 5 1 8    35.0   33.0
 51 2149.488536 2.621E-23 3.407E+01.05950.065 2280.40130.75-.001720              2              1                    R  8      47566310 8 5 5 1 8    19.0   17.0
 51 2150.856008 1.865E-19 1.442E+01.07570.081    3.84500.75-.002400              1              0                    R  1      47566310 8 5 5 1 1     5.0    3.0
 51 2152.199945 3.153E-28 5.266E+01.05240.056 4837.07170.68-.002163              3              2                    R 17      47566310 8 5 5 1 8    37.0   35.0
 51 2152.941923 2.470E-23 3.443E+01.05860.064 2314.67390.75-.001746              2              1                    R  9      47566310 8 5 5 1 8    21.0   19.0
 51 2154.595584 2.700E-19 1.554E+01.07120.077   11.53500.74-.002620              1              0                    R  2      47566310 8 5 5 1 1     7.0    5.0
 51 2155.284858 2.398E-28 5.297E+01.05170.055 4904.87990.67-.002226              3              2                    R 18      47566310 8 5 5 1 8    39.0   37.0
 51 2156.358838 2.262E-23 3.475E+01.05770.063 2352.74990.75-.001781              2              1                    R 10      47566310 8 5 5 1 8    23.0   21.0
 51 2158.299712 3.410E-19 1.620E+01.06770.074   23.06950.74-.002530              1              0                    R  3      47566310 8 5 5 1 1     9.0    7.0
 51 2158.331983 1.786E-28 5.328E+01.05100.054 4976.43800.67-.002290              3              2                    R 19      47566310 8 5 5 1 8    41.0   39.0
 51 2159.739136 2.017E-23 3.505E+01.05690.062 2394.62790.74-.001824              2              1                    R 11      47566310 8 5 5 1 8    25.0   23.0
 51 2161.341174 1.303E-28 5.359E+01.05030.053 5051.74320.67-.002353              3              2                    R 20      47566310 8 5 5 1 8    43.0   41.0
 51 2161.968247 3.963E-19 1.665E+01.06510.071   38.44810.74-.002660              1              0                    R  4      47566310 8 5 5 1 1    11.0    9.0
 51 2163.082669 1.753E-23 3.533E+01.05610.060 2440.30620.73-.001872              2              1                    R 12      47566310 8 5 5 1 8    27.0   25.0
 51 2164.312285 9.308E-29 5.388E+01.04960.053 5130.79260.67-.002416              3              2                    R 21      47566310 8 5 5 1 8    45.0   43.0
 51 2165.601042 4.340E-19 1.700E+01.06320.069   57.67040.74-.002590              1              0                    R  5      47566310 8 5 5 1 1    13.0   11.0
 51 2166.389291 1.487E-23 3.560E+01.05530.059 2489.78310.72-.001924              2              1                    R 13      47566310 8 5 5 1 8    29.0   27.0
 51 2167.245169 6.518E-29 5.417E+01.04900.052 5213.58320.67-.002479              3              2                    R 22      47566310 8 5 5 1 8    47.0   45.0
 51 2169.197951 4.535E-19 1.728E+01.06180.068   80.73540.75-.002540              1              0                    R  6      47566310 8 5 5 1 1    15.0   13.0
 51 2169.658856 1.232E-23 3.586E+01.05450.059 2543.05670.71-.001981              2              1                    R 14      47566310 8 5 5 1 8    31.0   29.0
 51 2170.139681 4.474E-29 5.446E+01.04830.051 5300.11170.67-.002540              3              2                    R 23      47566310 8 5 5 1 8    49.0   47.0
 51 2172.758825 4.556E-19 1.752E+01.06060.066  107.64240.75-.002600              1              0                    R  7      47566310 8 5 5 1 1    17.0   15.0
 51 2172.891217 9.978E-24 3.610E+01.05380.058 2600.12490.70-.002040              2              1                    R 15      47566310 8 5 5 1 8    33.0   31.0
 51 2172.995675 3.010E-29 5.474E+01.04770.051 5390.37470.67-.002601              3              2                    R 24      47566310 8 5 5 1 8    51.0   49.0
 51 2175.813004 1.986E-29 5.501E+01.04710.050 5484.36870.67-.002661              3              2                    R 25      47566310 8 5 5 1 8    53.0   51.0
 51 2176.086228 7.901E-24 3.634E+01.05310.057 2660.98550.69-.002101              2              1                    R 16      47566310 8 5 5 1 8    35.0   33.0
 51 2176.283520 4.423E-19 1.772E+01.05950.065  138.39040.75-.002420              1              0                    R  8      47566310 8 5 5 1 1    19.0   17.0
 51 2178.591523 1.285E-29 5.528E+01.04650.049 5582.09010.67-.002719              3              2                    R 26      47566310 8 5 5 1 8    55.0   53.0
 51 2179.243742 6.121E-24 3.657E+01.05240.056 2725.63610.68-.002163              2              1                    R 17      47566310 8 5 5 1 8    37.0   35.0
 51 2179.771887 4.162E-19 1.791E+01.05860.064  172.97800.75-.002550              1              0                    R  9      47566310 8 5 5 1 1    21.0   19.0
 51 2181.331085 8.149E-30 5.555E+01.04600.049 5683.53510.67-.002777              3              2                    R 27      47566310 8 5 5 1 8    57.0   55.0
 51 2182.363614 4.641E-24 3.679E+01.05170.055 2794.07440.67-.002226              2              1                    R 18      47566310 8 5 5 1 8    39.0   37.0
 51 2183.223781 3.805E-19 1.808E+01.05770.063  211.40410.75-.002540              1              0                    R 10      47566310 8 5 5 1 1    23.0   21.0
 51 2184.031545 5.071E-30 5.581E+01.04540.048 5788.69960.67-.002833              3              2                    R 28      47566310 8 5 5 1 8    59.0   57.0
 51 2185.445697 3.445E-24 3.701E+01.05100.054 2866.29750.67-.002290              2              1                    R 19      47566310 8 5 5 1 8    41.0   39.0
 51 2186.639055 3.387E-19 1.824E+01.05690.062  253.66720.74-.002500              1              0                    R 11      47566310 8 5 5 1 1    25.0   23.0
 51 2186.692757 3.095E-30 5.607E+01.04480.047 5897.57960.67-.002887              3              2                    R 29      47566310 8 5 5 1 8    61.0   59.0
 51 2188.489845 2.504E-24 3.722E+01.05030.053 2942.30280.67-.002353              2              1                    R 20      47562310 8 5 5 1 8    43.0   41.0
 51 2189.314575 1.853E-30 5.633E+01.04430.047 6010.17090.67-.002941              3              2                    R 30      47566310 8 5 5 1 8    63.0   61.0
 51 2190.017563 2.938E-19 1.838E+01.05610.060  299.76560.73-.002580              1              0                    R 12      47566310 8 5 5 1 1    27.0   25.0
 51 2191.495912 1.783E-24 3.743E+01.04960.053 3022.08730.67-.002416              2              1                    R 21      47562310 8 5 5 1 8    45.0   43.0
 51 2191.896854 1.089E-30 5.658E+01.04380.046 6126.46900.67-.002993              3              2                    R 31      47566310 8 5 5 1 8    65.0   63.0
 51 2193.359158 2.487E-19 1.852E+01.05530.059  349.69750.72-.002590              1              0                    R 13      47566310 8 5 5 1 1    29.0   27.0
 51 2194.439448 6.275E-31 5.683E+01.04320.046 6246.46950.67-.003043              3              2                    R 32      47566310 8 5 5 1 8    67.0   65.0
 51 2194.463752 1.244E-24 3.763E+01.04900.052 3105.64790.67-.002479              2              1                    R 22      47562310 8 5 5 1 8    47.0   45.0
 51 2196.663693 2.056E-19 1.866E+01.05450.059  403.46120.71-.002640              1              0                    R 14      47566310 8 5 5 1 1    31.0   29.0
 51 2196.942212 3.549E-31 5.707E+01.04270.045 6370.16770.67-.003092              3              2                    R 33      47566310 8 5 5 1 8    69.0   67.0
 51 2197.393219 8.508E-25 3.783E+01.04830.051 3192.98150.67-.002540              2              1                    R 23      47562310 8 5 5 1 8    49.0   47.0
 51 2199.404999 1.970E-31 5.731E+01.04220.045 6497.55860.67-.003140              3              2                    R 34      47566310 8 5 5 1 8    71.0   69.0
 51 2199.931023 1.660E-19 1.879E+01.05380.058  461.05450.70-.002690              1              0                    R 15      47566310 8 5 5 1 1    33.0   31.0
 51 2200.284167 5.701E-25 3.803E+01.04770.051 3284.08460.67-.002601              2              1                    R 24      47562310 8 5 5 1 8    51.0   49.0
 51 2201.827665 1.073E-31 5.755E+01.04170.044 6628.63740.67-.003187              3              2                    R 35      47566310 8 5 5 1 8    73.0   71.0
 51 2203.136451 3.745E-25 3.822E+01.04710.050 3378.95370.67-.002661              2              1                    R 25      47562310 8 5 5 1 8    53.0   51.0
 51 2203.161002 1.311E-19 1.891E+01.05310.057  522.47510.69-.002740              1              0                    R 16      47566310 8 5 5 1 1    35.0   33.0
 51 2205.949925 2.412E-25 3.841E+01.04650.049 3477.58510.67-.002719              2              1                    R 26      47562310 8 5 5 1 8    55.0   53.0
 51 2206.353482 1.013E-19 1.903E+01.05240.056  587.72090.68-.002870              1              0                    R 17      47566310 8 5 5 1 1    37.0   35.0
 51 2208.724442 1.523E-25 3.860E+01.04600.049 3579.97510.67-.002777              2              1                    R 27      47562310 8 5 5 1 8    57.0   55.0
 51 2209.508319 7.657E-20 1.915E+01.05170.055  656.78920.67-.002650              1              0                    R 18      47566310 8 5 5 1 1    39.0   37.0
 51 2211.459859 9.435E-26 3.879E+01.04540.048 3686.11980.67-.002833              2              1                    R 28      47562310 8 5 5 1 8    59.0   57.0
 51 2212.625365 5.666E-20 1.926E+01.05100.054  729.67740.67-.002790              1              0                    R 19      47566310 8 5 5 1 1    41.0   39.0
 51 2214.156028 5.731E-26 3.897E+01.04480.047 3796.01490.67-.002887              2              1                    R 29      47562310 8 5 5 1 8    61.0   59.0
 51 2215.704476 4.105E-20 1.937E+01.05030.053  806.38280.67-.003130              1              0                    R 20      47562310 8 5 5 1 1    43.0   41.0
 51 2216.812805 3.414E-26 3.915E+01.04430.047 3909.65620.67-.002941              2              1                    R 30      47562310 8 5 5 1 8    63.0   61.0
 51 2218.745505 2.913E-20 1.948E+01.04960.053  886.90240.67-.003140              1              0                    R 21      47562310 8 5 5 1 1    45.0   43.0
 51 2219.430044 1.995E-26 3.933E+01.04380.046 4027.03950.67-.002993              2              1                    R 31      47562310 8 5 5 1 8    65.0   63.0
 51 2221.748306 2.025E-20 1.959E+01.04900.052  971.23320.67-.002780              1              0                    R 22      47562310 8 5 5 1 1    47.0   45.0
 51 2222.007601 1.144E-26 3.950E+01.04320.046 4148.16010.67-.003043              2              1                    R 32      47562310 8 5 5 1 8    67.0   65.0
 51 2224.545329 6.435E-27 3.968E+01.04270.045 4273.01330.67-.003092              2              1                    R 33      47562310 8 5 5 1 8    69.0   67.0
 51 2224.712734 1.379E-20 1.970E+01.04830.051 1059.37180.67-.002880              1              0                    R 23      47562310 8 5 5 1 1    49.0   47.0
 51 2227.043083 3.551E-27 3.985E+01.04220.045 4401.59440.67-.003140              2              1                    R 34      47562310 8 5 5 1 8    71.0   69.0
 51 2227.638643 9.206E-21 1.980E+01.04770.051 1151.31500.67-.002601              1              0                    R 24      47562310 8 5 5 1 8    51.0   49.0
 51 2229.500720 1.923E-27 4.002E+01.04170.044 4533.89830.67-.003187              2              1                    R 35      47562310 8 5 5 1 8    73.0   71.0
 51 2230.525888 6.022E-21 1.990E+01.04710.050 1247.05920.67-.002661              1              0                    R 25      47562310 8 5 5 1 8    53.0   51.0
 51 2231.918093 1.022E-27 4.018E+01.04130.044 4669.92000.67-.003232              2              1                    R 36      47562310 8 5 5 1 8    75.0   73.0
 51 2233.374323 3.862E-21 2.000E+01.04650.049 1346.60080.67-.002719              1              0                    R 26      47562310 8 5 5 1 8    55.0   53.0
 51 2234.295058 5.331E-28 4.035E+01.04080.043 4809.65410.67-.003276              2              1                    R 37      47562310 8 5 5 1 8    77.0   75.0
 51 2236.183802 2.428E-21 2.010E+01.04600.049 1449.93600.67-.002777              1              0                    R 27      47562310 8 5 5 1 8    57.0   55.0
 51 2236.631470 2.729E-28 4.051E+01.04030.043 4953.09540.67-.003318              2              1                    R 38      47562310 8 5 5 1 8    79.0   77.0
 51 2238.927184 1.371E-28 4.067E+01.03990.042 5100.23820.67-.003360              2              1                    R 39      47562310 8 5 5 1 8    81.0   79.0
 51 2238.954181 1.497E-21 2.020E+01.04540.048 1557.06070.67-.002833              1              0                    R 28      47562310 8 5 5 1 8    59.0   57.0
 51 2241.182055 6.761E-29 4.083E+01.03950.042 5251.07690.67-.003400              2              1                    R 40      47562310 8 5 5 1 8    83.0   81.0
 51 2241.685314 9.046E-22 2.030E+01.04480.047 1667.97090.67-.002887              1              0                    R 29      47562310 8 5 5 1 8    61.0   59.0
 51 2243.395939 3.273E-29 4.098E+01.03900.041 5405.60560.67-.003439              2              1                    R 41      47562310 8 5 5 1 8    85.0   83.0
 51 2244.377056 5.362E-22 2.039E+01.04430.047 1782.66240.67-.002941              1              0                    R 30      47562310 8 5 5 1 8    63.0   61.0
 51 2245.568691 1.555E-29 4.114E+01.03860.041 5563.81840.67-.003476              2              1                    R 42      47562310 8 5 5 1 8    87.0   85.0
 51 2247.029262 3.117E-22 2.048E+01.04380.046 1901.13080.67-.002993              1              0                    R 31      47562310 8 5 5 1 8    65.0   63.0
 51 2247.700167 7.257E-30 4.129E+01.03820.040 5725.70900.67-.003513              2              1                    R 43      47562310 8 5 5 1 8    89.0   87.0
 51 2249.641787 1.778E-22 2.058E+01.04320.046 2023.37150.67-.003043              1              0                    R 32      47562310 8 5 5 1 8    67.0   65.0
 51 2249.790221 3.324E-30 4.144E+01.03780.040 5891.27140.67-.003549              2              1                    R 44      47562310 8 5 5 1 8    91.0   89.0
 51 2251.838711 1.495E-30 4.159E+01.03740.040 6060.49900.67-.003583              2              1                    R 45      47562310 8 5 5 1 8    93.0   91.0
 51 2252.214486 9.944E-23 2.067E+01.04270.045 2149.37990.67-.003092              1              0                    R 33      47562310 8 5 5 1 8    69.0   67.0
 51 2253.845491 6.602E-31 4.174E+01.03700.039 6233.38530.67-.003617              2              1                    R 46      47562310 8 5 5 1 8    95.0   93.0
 51 2254.747215 5.457E-23 2.076E+01.04220.045 2279.15110.67-.003140              1              0                    R 34      47562310 8 5 5 1 8    71.0   69.0
 51 2255.810417 2.863E-31 4.188E+01.03660.039 6409.92360.67-.003649              2              1                    R 47      47562310 8 5 5 1 8    97.0   95.0
 51 2257.239828 2.938E-23 2.085E+01.04170.044 2412.68010.67-.003187              1              0                    R 35      47562310 8 5 5 1 8    73.0   71.0
 51 2257.733345 1.219E-31 4.202E+01.03620.038 6590.10710.67-.003681              2              1                    R 48      47562310 8 5 5 1 8    99.0   97.0
 51 2259.692181 1.552E-23 2.094E+01.04130.044 2549.96200.67-.003232              1              0                    R 36      47562310 8 5 5 1 8    75.0   73.0
 51 2262.104130 8.044E-24 2.102E+01.04080.043 2690.99130.67-.003276              1              0                    R 37      47562310 8 5 5 1 8    77.0   75.0
 51 2264.475530 4.091E-24 2.111E+01.04030.043 2835.76270.67-.003318              1              0                    R 38      47562310 8 5 5 1 8    79.0   77.0
 51 2266.806236 2.042E-24 2.120E+01.03990.042 2984.27070.67-.003360              1              0                    R 39      47562310 8 5 5 1 8    81.0   79.0
 51 2269.096105 1.000E-24 2.128E+01.03950.042 3136.50950.67-.003400              1              0                    R 40      47562310 8 5 5 1 8    83.0   81.0
 51 2271.344992 4.809E-25 2.136E+01.03900.041 3292.47340.67-.003439              1              0                    R 41      47562310 8 5 5 1 8    85.0   83.0
 51 2273.552753 2.269E-25 2.145E+01.03860.041 3452.15630.67-.003476              1              0                    R 42      47562310 8 5 5 1 8    87.0   85.0
 51 2275.719244 1.051E-25 2.153E+01.03820.040 3615.55210.67-.003513              1              0                    R 43      47562310 8 5 5 1 8    89.0   87.0
 51 2277.844321 4.779E-26 2.161E+01.03780.040 3782.65470.67-.003549              1              0                    R 44      47562310 8 5 5 1 8    91.0   89.0
 51 2279.927840 2.133E-26 2.169E+01.03740.040 3953.45740.67-.003583              1              0                    R 45      47562310 8 5 5 1 8    93.0   91.0
 51 2281.969657 9.347E-27 2.176E+01.03700.039 4127.95390.67-.003617              1              0                    R 46      47562310 8 5 5 1 8    95.0   93.0
 51 2283.969628 4.021E-27 2.184E+01.03660.039 4306.13750.67-.003649              1              0                    R 47      47562310 8 5 5 1 8    97.0   95.0
 51 2285.927610 1.699E-27 2.192E+01.03620.038 4488.00120.67-.003681              1              0                    R 48      47562310 8 5 5 1 8    99.0   97.0
 51 2287.843459 7.045E-28 2.199E+01.03590.038 4673.53810.67-.003711              1              0                    R 49      47562310 8 5 5 1 8   101.0   99.0
 51 2289.717032 2.869E-28 2.207E+01.03550.038 4862.74110.67-.003741              1              0                    R 50      47562310 8 5 5 1 8   103.0  101.0
 51 2291.548184 1.147E-28 2.214E+01.03520.037 5055.60290.67-.003770              1              0                    R 51      47562310 8 5 5 1 8   105.0  103.0
 51 2293.336772 4.506E-29 2.221E+01.03480.037 5252.11620.67-.003798              1              0                    R 52      47562310 8 5 5 1 8   107.0  105.0
 51 2295.082654 1.738E-29 2.228E+01.03450.037 5452.27330.67-.003825              1              0                    R 53      47562310 8 5 5 1 8   109.0  107.0
 51 2296.785684 6.582E-30 2.235E+01.03420.036 5656.06660.67-.003852              1              0                    R 54      47562310 8 5 5 1 8   111.0  109.0
 51 2298.445721 2.449E-30 2.242E+01.03380.036 5863.48830.67-.003877              1              0                    R 55      47562310 8 5 5 1 8   113.0  111.0
 51 2300.062620 8.949E-31 2.249E+01.03350.036 6074.53040.67-.003902              1              0                    R 56      47562310 8 5 5 1 8   115.0  113.0
 51 2301.636239 3.212E-31 2.255E+01.03320.035 6289.18470.67-.003926              1              0                    R 57      47562310 8 5 5 1 8   117.0  115.0
 51 2303.166433 1.133E-31 2.262E+01.03290.035 6507.44310.67-.003950              1              0                    R 58      47562310 8 5 5 1 8   119.0  117.0
